scale_factor <- 100
Ni <- 94
Nj <- 2068
x <- 
c(0.1, 0.1, 0.1, 1, 1, 1, 3, 3, 3, 10, 10, 10, 30, 30, 30, 100, 100, 100,
1000, 1000, 1000, 1000, 0.1, 0.1, 0.1, 1, 1, 1, 3, 3, 3, 10, 10, 10, 30, 30, 30,
100, 100, 100, 1000, 1000, 1000, 1000, 0.1, 0.1, 0.1, 1, 1, 1, 3, 3, 3, 10, 10,
10, 30, 30, 30, 100, 100, 100, 1000, 1000, 1000, 1000, 0.1, 0.1, 0.1, 1, 1, 1, 3,
3, 3, 10, 10, 10, 30, 30, 30, 100, 100, 100, 1000, 1000, 1000, 1000, 0.1, 0.1,
0.1, 1, 1, 1, 3, 3, 3, 10, 10, 10, 30, 30, 30, 100, 100, 100, 1000, 1000, 1000,
1000, 0.1, 0.1, 0.1, 1, 1, 1, 3, 3, 3, 10, 10, 10, 30, 30, 30, 100, 100, 100,
1000, 1000, 1000, 1000, 0.1, 0.1, 0.1, 1, 1, 1, 3, 3, 3, 10, 10, 10, 30, 30, 30,
100, 100, 100, 1000, 1000, 1000, 1000, 0.1, 0.1, 0.1, 1, 1, 1, 3, 3, 3, 10, 10,
10, 30, 30, 30, 100, 100, 100, 1000, 1000, 1000, 1000, 0.1, 0.1, 0.1, 1, 1, 1, 3,
3, 3, 10, 10, 10, 30, 30, 30, 100, 100, 100, 1000, 1000, 1000, 1000, 0.1, 0.1,
0.1, 1, 1, 1, 3, 3, 3, 10, 10, 10, 30, 30, 30, 100, 100, 100, 1000, 1000, 1000,
1000, 0.1, 0.1, 0.1, 1, 1, 1, 3, 3, 3, 10, 10, 10, 30, 30, 30, 100, 100, 100,
1000, 1000, 1000, 1000, 0.1, 0.1, 0.1, 1, 1, 1, 3, 3, 3, 10, 10, 10, 30, 30, 30,
100, 100, 100, 1000, 1000, 1000, 1000, 0.1, 0.1, 0.1, 1, 1, 1, 3, 3, 3, 10, 10,
10, 30, 30, 30, 100, 100, 100, 1000, 1000, 1000, 1000, 0.1, 0.1, 0.1, 1, 1, 1, 3,
3, 3, 10, 10, 10, 30, 30, 30, 100, 100, 100, 1000, 1000, 1000, 1000, 0.1, 0.1,
0.1, 1, 1, 1, 3, 3, 3, 10, 10, 10, 30, 30, 30, 100, 100, 100, 1000, 1000, 1000,
1000, 0.1, 0.1, 0.1, 1, 1, 1, 3, 3, 3, 10, 10, 10, 30, 30, 30, 100, 100, 100,
1000, 1000, 1000, 1000, 0.1, 0.1, 0.1, 1, 1, 1, 3, 3, 3, 10, 10, 10, 30, 30, 30,
100, 100, 100, 1000, 1000, 1000, 1000, 0.1, 0.1, 0.1, 1, 1, 1, 3, 3, 3, 10, 10,
10, 30, 30, 30, 100, 100, 100, 1000, 1000, 1000, 1000, 0.1, 0.1, 0.1, 1, 1, 1, 3,
3, 3, 10, 10, 10, 30, 30, 30, 100, 100, 100, 1000, 1000, 1000, 1000, 0.1, 0.1,
0.1, 1, 1, 1, 3, 3, 3, 10, 10, 10, 30, 30, 30, 100, 100, 100, 1000, 1000, 1000,
1000, 0.1, 0.1, 0.1, 1, 1, 1, 3, 3, 3, 10, 10, 10, 30, 30, 30, 100, 100, 100,
1000, 1000, 1000, 1000, 0.1, 0.1, 0.1, 1, 1, 1, 3, 3, 3, 10, 10, 10, 30, 30, 30,
100, 100, 100, 1000, 1000, 1000, 1000, 0.1, 0.1, 0.1, 1, 1, 1, 3, 3, 3, 10, 10,
10, 30, 30, 30, 100, 100, 100, 1000, 1000, 1000, 1000, 0.1, 0.1, 0.1, 1, 1, 1, 3,
3, 3, 10, 10, 10, 30, 30, 30, 100, 100, 100, 1000, 1000, 1000, 1000, 0.1, 0.1,
0.1, 1, 1, 1, 3, 3, 3, 10, 10, 10, 30, 30, 30, 100, 100, 100, 1000, 1000, 1000,
1000, 0.1, 0.1, 0.1, 1, 1, 1, 3, 3, 3, 10, 10, 10, 30, 30, 30, 100, 100, 100,
1000, 1000, 1000, 1000, 0.1, 0.1, 0.1, 1, 1, 1, 3, 3, 3, 10, 10, 10, 30, 30, 30,
100, 100, 100, 1000, 1000, 1000, 1000, 0.1, 0.1, 0.1, 1, 1, 1, 3, 3, 3, 10, 10,
10, 30, 30, 30, 100, 100, 100, 1000, 1000, 1000, 1000, 0.1, 0.1, 0.1, 1, 1, 1, 3,
3, 3, 10, 10, 10, 30, 30, 30, 100, 100, 100, 1000, 1000, 1000, 1000, 0.1, 0.1,
0.1, 1, 1, 1, 3, 3, 3, 10, 10, 10, 30, 30, 30, 100, 100, 100, 1000, 1000, 1000,
1000, 0.1, 0.1, 0.1, 1, 1, 1, 3, 3, 3, 10, 10, 10, 30, 30, 30, 100, 100, 100,
1000, 1000, 1000, 1000, 0.1, 0.1, 0.1, 1, 1, 1, 3, 3, 3, 10, 10, 10, 30, 30, 30,
100, 100, 100, 1000, 1000, 1000, 1000, 0.1, 0.1, 0.1, 1, 1, 1, 3, 3, 3, 10, 10,
10, 30, 30, 30, 100, 100, 100, 1000, 1000, 1000, 1000, 0.1, 0.1, 0.1, 1, 1, 1, 3,
3, 3, 10, 10, 10, 30, 30, 30, 100, 100, 100, 1000, 1000, 1000, 1000, 0.1, 0.1,
0.1, 1, 1, 1, 3, 3, 3, 10, 10, 10, 30, 30, 30, 100, 100, 100, 1000, 1000, 1000,
1000, 0.1, 0.1, 0.1, 1, 1, 1, 3, 3, 3, 10, 10, 10, 30, 30, 30, 100, 100, 100,
1000, 1000, 1000, 1000, 0.1, 0.1, 0.1, 1, 1, 1, 3, 3, 3, 10, 10, 10, 30, 30, 30,
100, 100, 100, 1000, 1000, 1000, 1000, 0.1, 0.1, 0.1, 1, 1, 1, 3, 3, 3, 10, 10,
10, 30, 30, 30, 100, 100, 100, 1000, 1000, 1000, 1000, 0.1, 0.1, 0.1, 1, 1, 1, 3,
3, 3, 10, 10, 10, 30, 30, 30, 100, 100, 100, 1000, 1000, 1000, 1000, 0.1, 0.1,
0.1, 1, 1, 1, 3, 3, 3, 10, 10, 10, 30, 30, 30, 100, 100, 100, 1000, 1000, 1000,
1000, 0.1, 0.1, 0.1, 1, 1, 1, 3, 3, 3, 10, 10, 10, 30, 30, 30, 100, 100, 100,
1000, 1000, 1000, 1000, 0.1, 0.1, 0.1, 1, 1, 1, 3, 3, 3, 10, 10, 10, 30, 30, 30,
100, 100, 100, 1000, 1000, 1000, 1000, 0.1, 0.1, 0.1, 1, 1, 1, 3, 3, 3, 10, 10,
10, 30, 30, 30, 100, 100, 100, 1000, 1000, 1000, 1000, 0.1, 0.1, 0.1, 1, 1, 1, 3,
3, 3, 10, 10, 10, 30, 30, 30, 100, 100, 100, 1000, 1000, 1000, 1000, 0.1, 0.1,
0.1, 1, 1, 1, 3, 3, 3, 10, 10, 10, 30, 30, 30, 100, 100, 100, 1000, 1000, 1000,
1000, 0.1, 0.1, 0.1, 1, 1, 1, 3, 3, 3, 10, 10, 10, 30, 30, 30, 100, 100, 100,
1000, 1000, 1000, 1000, 0.1, 0.1, 0.1, 1, 1, 1, 3, 3, 3, 10, 10, 10, 30, 30, 30,
100, 100, 100, 1000, 1000, 1000, 1000, 0.1, 0.1, 0.1, 1, 1, 1, 3, 3, 3, 10, 10,
10, 30, 30, 30, 100, 100, 100, 1000, 1000, 1000, 1000, 0.1, 0.1, 0.1, 1, 1, 1, 3,
3, 3, 10, 10, 10, 30, 30, 30, 100, 100, 100, 1000, 1000, 1000, 1000, 0.1, 0.1,
0.1, 1, 1, 1, 3, 3, 3, 10, 10, 10, 30, 30, 30, 100, 100, 100, 1000, 1000, 1000,
1000, 0.1, 0.1, 0.1, 1, 1, 1, 3, 3, 3, 10, 10, 10, 30, 30, 30, 100, 100, 100,
1000, 1000, 1000, 1000, 0.1, 0.1, 0.1, 1, 1, 1, 3, 3, 3, 10, 10, 10, 30, 30, 30,
100, 100, 100, 1000, 1000, 1000, 1000, 0.1, 0.1, 0.1, 1, 1, 1, 3, 3, 3, 10, 10,
10, 30, 30, 30, 100, 100, 100, 1000, 1000, 1000, 1000, 0.1, 0.1, 0.1, 1, 1, 1, 3,
3, 3, 10, 10, 10, 30, 30, 30, 100, 100, 100, 1000, 1000, 1000, 1000, 0.1, 0.1,
0.1, 1, 1, 1, 3, 3, 3, 10, 10, 10, 30, 30, 30, 100, 100, 100, 1000, 1000, 1000,
1000, 0.1, 0.1, 0.1, 1, 1, 1, 3, 3, 3, 10, 10, 10, 30, 30, 30, 100, 100, 100,
1000, 1000, 1000, 1000, 0.1, 0.1, 0.1, 1, 1, 1, 3, 3, 3, 10, 10, 10, 30, 30, 30,
100, 100, 100, 1000, 1000, 1000, 1000, 0.1, 0.1, 0.1, 1, 1, 1, 3, 3, 3, 10, 10,
10, 30, 30, 30, 100, 100, 100, 1000, 1000, 1000, 1000, 0.1, 0.1, 0.1, 1, 1, 1, 3,
3, 3, 10, 10, 10, 30, 30, 30, 100, 100, 100, 1000, 1000, 1000, 1000, 0.1, 0.1,
0.1, 1, 1, 1, 3, 3, 3, 10, 10, 10, 30, 30, 30, 100, 100, 100, 1000, 1000, 1000,
1000, 0.1, 0.1, 0.1, 1, 1, 1, 3, 3, 3, 10, 10, 10, 30, 30, 30, 100, 100, 100,
1000, 1000, 1000, 1000, 0.1, 0.1, 0.1, 1, 1, 1, 3, 3, 3, 10, 10, 10, 30, 30, 30,
100, 100, 100, 1000, 1000, 1000, 1000, 0.1, 0.1, 0.1, 1, 1, 1, 3, 3, 3, 10, 10,
10, 30, 30, 30, 100, 100, 100, 1000, 1000, 1000, 1000, 0.1, 0.1, 0.1, 1, 1, 1, 3,
3, 3, 10, 10, 10, 30, 30, 30, 100, 100, 100, 1000, 1000, 1000, 1000, 0.1, 0.1,
0.1, 1, 1, 1, 3, 3, 3, 10, 10, 10, 30, 30, 30, 100, 100, 100, 1000, 1000, 1000,
1000, 0.1, 0.1, 0.1, 1, 1, 1, 3, 3, 3, 10, 10, 10, 30, 30, 30, 100, 100, 100,
1000, 1000, 1000, 1000, 0.1, 0.1, 0.1, 1, 1, 1, 3, 3, 3, 10, 10, 10, 30, 30, 30,
100, 100, 100, 1000, 1000, 1000, 1000, 0.1, 0.1, 0.1, 1, 1, 1, 3, 3, 3, 10, 10,
10, 30, 30, 30, 100, 100, 100, 1000, 1000, 1000, 1000, 0.1, 0.1, 0.1, 1, 1, 1, 3,
3, 3, 10, 10, 10, 30, 30, 30, 100, 100, 100, 1000, 1000, 1000, 1000, 0.1, 0.1,
0.1, 1, 1, 1, 3, 3, 3, 10, 10, 10, 30, 30, 30, 100, 100, 100, 1000, 1000, 1000,
1000, 0.1, 0.1, 0.1, 1, 1, 1, 3, 3, 3, 10, 10, 10, 30, 30, 30, 100, 100, 100,
1000, 1000, 1000, 1000, 0.1, 0.1, 0.1, 1, 1, 1, 3, 3, 3, 10, 10, 10, 30, 30, 30,
100, 100, 100, 1000, 1000, 1000, 1000, 0.1, 0.1, 0.1, 1, 1, 1, 3, 3, 3, 10, 10,
10, 30, 30, 30, 100, 100, 100, 1000, 1000, 1000, 1000, 0.1, 0.1, 0.1, 1, 1, 1, 3,
3, 3, 10, 10, 10, 30, 30, 30, 100, 100, 100, 1000, 1000, 1000, 1000, 0.1, 0.1,
0.1, 1, 1, 1, 3, 3, 3, 10, 10, 10, 30, 30, 30, 100, 100, 100, 1000, 1000, 1000,
1000, 0.1, 0.1, 0.1, 1, 1, 1, 3, 3, 3, 10, 10, 10, 30, 30, 30, 100, 100, 100,
1000, 1000, 1000, 1000, 0.1, 0.1, 0.1, 1, 1, 1, 3, 3, 3, 10, 10, 10, 30, 30, 30,
100, 100, 100, 1000, 1000, 1000, 1000, 0.1, 0.1, 0.1, 1, 1, 1, 3, 3, 3, 10, 10,
10, 30, 30, 30, 100, 100, 100, 1000, 1000, 1000, 1000, 0.1, 0.1, 0.1, 1, 1, 1, 3,
3, 3, 10, 10, 10, 30, 30, 30, 100, 100, 100, 1000, 1000, 1000, 1000, 0.1, 0.1,
0.1, 1, 1, 1, 3, 3, 3, 10, 10, 10, 30, 30, 30, 100, 100, 100, 1000, 1000, 1000,
1000, 0.1, 0.1, 0.1, 1, 1, 1, 3, 3, 3, 10, 10, 10, 30, 30, 30, 100, 100, 100,
1000, 1000, 1000, 1000, 0.1, 0.1, 0.1, 1, 1, 1, 3, 3, 3, 10, 10, 10, 30, 30, 30,
100, 100, 100, 1000, 1000, 1000, 1000, 0.1, 0.1, 0.1, 1, 1, 1, 3, 3, 3, 10, 10,
